createArray 10 True
addToArray 10 True
addToArray 9 True
addToArray 8 True
addToArray 7 True
addToArray 6 True
addToArray 5 True
addToArray 4 True
addToArray 3 True
addToArray 2 True
addToArray 1 True
getArray
 913558752,32592,0,0,-1742208736,21952,-1924775976,32767,913557248,32592,
partition 0 9 9 0
getArray
 913558752,32592,0,0,-1742208736,21952,-1924775976,32767,913557248,32592,
partition 0 9 0 0
getArray
 913558752,32592,0,0,-1742208736,21952,-1924775976,32767,913557248,32592,
partition 0 4 2 0
getArray
 913558752,32592,0,0,-1742208736,21952,-1924775976,32767,913557248,32592,
partition 5 9 7 0
getArray
 913558752,32592,0,0,-1742208736,21952,-1924775976,32767,913557248,32592,
partition 0 9 4 0
getArray
 913558752,32592,0,0,-1742208736,21952,-1924775976,32767,913557248,32592,
partition 0 9 7 0
getArray
 913558752,32592,0,0,-1742208736,21952,-1924775976,32767,913557248,32592,
partition 0 9 6 0
getArray
 913558752,32592,0,0,-1742208736,21952,-1924775976,32767,913557248,32592,
partition 0 5 5 0
getArray
 913558752,32592,0,0,-1742208736,21952,-1924775976,32767,913557248,32592,
partition 0 7 4 0
getArray
 913558752,32592,0,0,-1742208736,21952,-1924775976,32767,913557248,32592,
partition 0 9 3 0
getArray
 913558752,32592,0,0,-1742208736,21952,-1924775976,32767,913557248,32592,
partition 0 2 2 0
getArray
 913558752,32592,0,0,-1742208736,21952,-1924775976,32767,913557248,32592,
partition 0 3 1 0
getArray
 913558752,32592,0,0,-1742208736,21952,-1924775976,32767,913557248,32592,
createArray 6 True
addToArray 2 True
addToArray 2 True
addToArray 2 True
addToArray 3 True
addToArray 1 True
addToArray 2 True
getArray
 -1742209024,21952,-1924775976,32767,913557248,32592,
partition 0 2 1 0
getArray
 -1742209024,21952,-1924775976,32767,913557248,32592,
partition 0 4 4 0
getArray
 -1742209024,21952,-1924775976,32767,913557248,32592,
partition 1 5 3 0
getArray
 -1742209024,21952,-1924775976,32767,913557248,32592,
